((("chop" .
   [0 0 0 1])
  ("channel" .
   [2 0 0 0 0 0 0])
  ("show" .
   [1 0 0 0])
  ("height" .
   [0 0 0 0 1 0])
  ("width" .
   [1 0 0 0 0])
  ("stage" .
   [1 0 0 0 0])
  ("HelloWorldApp" .
   [0 0 0 0 0 0 1 0 0 0 0 0 0])
  ("puts" .
   [0 0 0 1])
  ("stderr" .
   [1 0 0 0 0 0])
  ("u" .
   [1])
  ("update" .
   [0 0 0 1 0 0])
  ("ac-robe-setup" .
   [0 0 0 0 0 1 0 0 0 0 0 0 0])
  ("robe-mode-hook" .
   [0 0 0 0 0 0 0 0 0 0 0 1 0 0])
  ("robe-mode" .
   [0 0 0 0 0 1 0 1 0])
  ("robe" .
   [0 0 1 0])
  ("ruby-mode-hook" .
   [0 0 0 0 0 0 0 0 0 0 1 0 0 0])
  ("add-hook" .
   [0 0 0 0 1 0 1 0])
  ("require" .
   [0 0 0 0 1 1 0])
  ("linum" .
   [0 0 0 0 1])
  ("global-linum-mode" .
   [0 0 0 0 0 0 0 0 0 0 0 1 0 0 0 0 0])
  ("ruby" .
   [2 0 0 0])
  ("sock" .
   [13 0 0 0])
  ("socket" .
   [2 0 0 0 0 0])
  ("TCPServer" .
   [0 0 0 1 0 0 0 0 0])
  ("close" .
   [1 0 0 1 0])
  ("write" .
   [3 0 0 1 0])
  ("String" .
   [0 0 0 2 0 0])
  ("buf" .
   [7 0 0])
  ("arch" .
   [2 0 0 0])
  ("wbuf" .
   [2 0 1 0])
  ("rbuf" .
   [17 0 0 0])
  ("n" .
   [2])
  ("start" .
   [1 0 0 0 0])
  ("t1" .
   [1 0])
  ("quit" .
   [1 0 0 0])
  ("PING" .
   [3 0 0 0])
  ("target" .
   [7 0 0 0 0 0])
  ("user" .
   [3 0 0 0])
  ("nick" .
   [3 0 0 0])
  ("match" .
   [1 0 0 0 0])
  ("target2" .
   [1 0 0 0 0 0 0])
  ("gets" .
   [0 0 0 1])
  ("printf" .
   [0 0 0 0 0 1])
  ("print" .
   [7 0 0 0 0])))
